00 00 00
00 01 10
00 02 20
00 03 30
00 04 40
00 05 50
01 11 10
01 12 20
01 13 30
01 14 40
01 15 50
02 22 20
02 23 30
02 24 40
02 25 50
03 33 30
03 34 40
03 35 50
04 44 40
04 45 50
05 55 50
11 11 11
11 12 21
11 13 31
11 14 41
11 15 51
12 22 21
12 23 31
12 24 41
12 25 51
13 33 31
13 34 41
13 35 51
14 44 41
14 45 51
15 55 51
22 22 22
22 23 32
22 24 42
22 25 52
23 33 32
23 34 42
23 35 52
24 44 42
24 45 52
25 55 52
33 33 33
33 34 43
33 35 53
34 44 43
34 45 53
35 55 53
44 44 44
44 45 54
45 55 54
55 55 55
